% -------------------------------------------------------------------
%  Generated by MATLAB on 29-Jan-2019 21:06:53
%  MATLAB version: 9.4.0.949201 (R2018a) Update 6
% -------------------------------------------------------------------
                                    

data = ...
  [1 28.39128941 5.121398255;
   8 32.05543414 5.951397479;
   10 32.84787098 6.198799819;
   12 33.53063512 6.110049022;
   30 35.4495689 6.420928871;
   50 36.38127714 6.543653018;
   70 37.76723275 6.392498202;
   90 38.58278303 6.630854449];

